time_s,bytes_cum,bytes_delta,inst_bps,ema_bps,chunk_size
1.732,8192,8192,4729.858,4729.858,8192
1.995,248265,240073,913864.399,186556.766,8192
2.299,517593,269328,885238.886,326293.190,8192
2.572,849185,331592,1216078.441,504250.240,8192
2.841,1186569,337384,1252126.099,653825.412,8192
3.128,1619521,432952,1507161.901,824492.710,8192
3.388,1901841,282320,1087657.522,877125.672,8192
3.645,2143905,242064,941033.043,889907.146,8192
3.939,2329041,185136,630884.211,838102.559,8192
4.196,2484889,155848,604325.530,791347.153,8192
4.474,2671969,187080,673837.506,767845.224,8192
4.815,2831497,159528,467381.474,707752.474,8192
5.079,2982089,150592,570761.078,680354.195,8192
5.354,3127265,145176,527807.933,649844.942,8192
5.617,3318649,191384,728684.390,665612.832,8192
5.896,3515257,196608,703486.949,673187.655,8192
6.166,3724153,208896,773777.157,693305.556,8192
6.447,3945337,221184,788209.640,712286.373,8192
6.723,4154233,208896,755949.006,721018.899,8192
6.988,4371321,217088,818787.516,740572.623,8192
7.256,4580217,208896,779625.011,748383.100,8192
7.533,4772729,192512,696762.771,738059.034,8192
7.807,5034873,262144,955292.108,781505.649,8192
8.084,5268345,233472,842013.241,793607.167,8192
8.361,5546873,278528,1006648.271,836215.388,8192
8.623,5829497,282624,1079407.637,884853.838,8192
8.873,6030201,200704,801891.579,868261.386,8192
9.143,6243193,212992,789587.727,852526.654,8192
9.403,6501241,258048,992003.174,880421.958,8192
9.656,6701945,200704,793554.897,863048.546,8192
9.924,6914937,212992,795038.178,849446.472,8192
10.200,7144313,229376,831292.636,845815.705,8192
10.478,7381881,237568,855074.503,847667.465,8192
10.755,7619449,237568,856369.384,849407.849,8192
11.022,7869305,249856,937131.026,866952.484,8192
11.293,8082297,212992,784685.893,850499.166,8192
11.560,8319865,237568,888582.348,858115.802,8192
11.814,8532857,212992,839428.285,854378.299,8192
12.069,8770425,237568,932215.727,869945.784,8192
12.330,9003897,233472,894567.466,874870.121,8192
12.607,9290617,286720,1033674.827,906631.062,8192
12.882,9565049,274432,999814.925,925267.835,8192
13.159,9913209,348160,1256571.864,991528.641,8192
13.432,10220409,307200,1127083.426,1018639.598,8192
13.700,10482553,262144,977533.189,1010418.316,8192
13.971,10707833,225280,830306.787,974396.010,8192
14.263,10856441,148608,508205.573,881157.923,8192
14.524,10963465,107024,410233.923,786973.123,8192
14.917,11061889,98424,250430.258,679664.550,8192
15.230,11152001,90112,288510.826,601433.805,8192
15.700,11253273,101272,215351.927,524217.429,8192
16.048,11363865,110592,317948.972,482963.738,8192
16.365,11470361,106496,335604.711,453491.933,8192
16.714,11597337,126976,364195.511,435632.648,8192
16.978,11752985,155648,588814.091,466268.937,8192
17.297,11896345,143360,449671.090,462949.367,8192
17.571,12019225,122880,448621.879,460083.870,8192
17.948,12092953,73728,195672.529,407201.602,8192
18.286,12207641,114688,339365.117,393634.305,8192
18.601,12326425,118784,376054.154,390118.274,8192
18.893,12400153,73728,253198.551,362734.330,8192
19.164,12502553,102400,377831.337,365753.731,8192
19.428,12613145,110592,418566.944,376316.374,8192
19.779,12752409,139264,396090.179,380271.135,8192
20.104,12940825,188416,580002.629,420217.434,8192
20.387,13116953,176128,622182.344,460610.416,8192
20.692,13239833,122880,403334.468,449155.226,8192
21.029,13379097,139264,412732.151,441870.611,8192
21.301,13538841,159744,587801.961,471056.881,8192
21.600,13710873,172032,575902.559,492026.017,8192
21.893,13895193,184320,628320.439,519284.901,8192
22.161,14120473,225280,843083.798,584044.681,8192
22.422,14345753,225280,862112.183,639658.181,8192
22.701,14575129,229376,822830.150,676292.575,8192
22.975,14841369,266240,968567.398,734747.539,8192
23.258,15115801,274432,970095.623,781817.156,8192
23.515,15398425,282624,1103124.395,846078.604,8192
23.773,15689241,290816,1123647.775,901592.438,8192
24.091,16049689,360448,1135622.676,948398.486,8192
24.357,16328217,278528,1046424.256,968003.640,8192
24.608,16614937,286720,1143154.232,1003033.758,8192
24.957,16913945,299008,855828.523,973592.711,8192
25.233,17200665,286720,1039867.637,986847.696,8192
25.486,17405465,204800,808609.161,951199.989,8192
25.765,17634841,229376,822048.987,925369.789,8192
26.051,17901081,266240,932302.002,926756.231,8192
26.310,18187801,286720,1104069.910,962218.967,8192
26.579,18466329,278528,1037290.282,977233.230,8192
26.860,18810393,344064,1224231.431,1026632.870,8192
27.115,19121689,311296,1219018.022,1065109.901,8192
27.393,19506713,385024,1387934.518,1129674.824,8192
27.669,19875353,368640,1336229.754,1170985.810,8192
27.941,20284953,409600,1503683.216,1237525.291,8192
28.214,20698649,413696,1517559.028,1293532.039,8192
28.483,21128729,430080,1594513.521,1353728.335,8192
28.834,21575361,446632,1274443.028,1337871.274,8192
29.099,21996977,421616,1588357.510,1387968.521,8192
29.376,22359561,362584,1308997.753,1372174.367,8192
29.642,22779521,419960,1577924.388,1413324.372,8192
29.910,23183097,403576,1509040.009,1432467.499,8192
30.172,23591225,408128,1559346.228,1457843.245,8192
30.443,24015489,424264,1564660.673,1479206.730,8192
30.724,24453041,437552,1555624.844,1494490.353,8192
30.994,24883121,430080,1592412.345,1514074.751,8192
31.269,25352449,469328,1704219.844,1552103.770,8192
31.552,25868545,516096,1829635.864,1607610.189,8192
31.829,26372353,503808,1816661.456,1649420.442,8192
32.090,26890017,517664,1981284.989,1715793.352,8192
32.348,27402609,512592,1990749.821,1770784.645,8192
32.631,27957193,554584,1957598.036,1808147.324,8192
32.907,28381457,424264,1534451.411,1753408.141,8192
33.179,28815569,434112,1596792.526,1722085.018,8192
33.452,29302385,486816,1782085.359,1734085.086,8192
33.717,29780225,477840,1809836.840,1749235.437,8192
33.988,30311641,531416,1958908.397,1791170.029,8192
34.252,30834369,522728,1975951.908,1828126.405,8192
34.519,31396193,561824,2109717.919,1884444.708,8192
34.771,31835433,439240,1741818.028,1855919.372,8192
35.025,32005801,170368,669719.494,1618679.396,8192
35.301,32422825,417024,1510867.293,1597116.976,8192
35.578,32734145,311320,1125640.205,1502821.621,8192
35.879,32965825,231680,769037.989,1356064.895,8192
36.132,33214633,248808,984460.428,1281744.002,8192
36.403,33446561,231928,855509.086,1196497.018,8192
36.679,33692721,246160,891246.946,1135447.004,8192
36.962,33970241,277520,980365.489,1104430.701,8192
37.217,34247017,276776,1086532.464,1100851.053,8192
37.485,34573153,326136,1214178.521,1123516.547,8192
37.759,34897457,324304,1185356.730,1135884.584,8192
38.032,35230921,333464,1220636.586,1152834.984,8192
38.315,35624353,393432,1393154.058,1200898.799,8192
38.660,36002905,378552,1097672.153,1180253.470,8192
38.920,36340873,337968,1298335.399,1203869.856,8192
39.192,36659601,318728,1172126.364,1197521.157,8192
39.450,36994625,335024,1298330.273,1217682.980,8192
39.711,37345033,350408,1340605.493,1242267.483,8192
40.015,37674473,329440,1085788.640,1210971.714,8192
40.319,38013305,338832,1112765.213,1191330.414,8192
40.594,38315569,302264,1098022.235,1172668.778,8192
40.879,38588001,272432,955674.404,1129269.904,8192
41.149,38901145,313144,1162331.641,1135882.251,8192
41.422,39245209,344064,1258943.606,1160494.522,8192
41.700,39617945,372736,1339934.940,1196382.606,8192
41.970,39966105,348160,1292204.683,1215547.021,8192
42.233,40355225,389120,1475569.227,1267551.462,8192
42.506,40793497,438272,1609488.177,1335938.805,8192
42.763,41219481,425984,1655144.974,1399780.039,8192
43.028,41649497,430016,1625189.961,1444862.023,8192
43.288,42116441,466944,1792659.274,1514421.474,8192
43.544,42577329,460888,1803859.867,1572309.152,8192
43.829,43109809,532480,1868749.544,1631597.231,8192
44.105,43628737,518928,1875712.300,1680420.245,8192
44.368,44140633,511896,1951340.752,1734604.346,8192
44.635,44717793,577160,2161517.601,1819986.997,8192
44.894,45293193,575400,2216479.219,1899285.441,8192
45.176,45880537,587344,2084843.546,1936397.062,8192
45.441,46409513,528976,1994183.055,1947954.261,8192
45.731,47053177,643664,2218762.119,2002115.832,8192
46.004,47688097,634920,2331657.878,2068024.241,8192
46.276,48363609,675512,2479118.705,2150243.134,8192
46.556,49025593,661984,2363736.408,2192941.789,8192
46.834,49746697,721104,2600129.303,2274379.292,8192
47.124,50256393,509696,1754094.468,2170322.327,8192
47.403,50789257,532864,1908667.886,2117991.439,8192
47.696,51378329,589072,2011145.643,2096622.280,8192
47.968,51996825,618496,2273690.928,2132036.009,8192
48.247,52623513,626688,2249307.913,2155490.390,8192
48.521,53266585,643072,2347981.564,2193988.625,8192
48.784,53950617,684032,2595694.688,2274329.837,8192
49.045,54601881,651264,2500908.180,2319645.506,8192
49.314,55330969,729088,2703351.677,2396386.740,8192
49.577,56031385,700416,2670815.411,2451272.474,8192
49.857,56727633,696248,2482402.966,2457498.573,8192
50.127,57347721,620088,2295262.067,2425051.272,8192
50.390,58080905,733184,2790857.724,2498212.562,8192
50.648,58805897,724992,2805907.255,2559751.501,8192
50.909,59481601,675704,2589799.233,2565761.047,8192
51.189,60217185,735584,2633383.262,2579285.490,8192
51.469,61028769,811584,2892487.581,2641925.908,8192
51.824,61847633,818864,2309915.159,2575523.759,8192
52.086,62506225,658592,2506350.628,2561689.132,8192
52.339,63078185,571960,2260895.551,2501530.416,8192
52.602,63676457,598272,2275486.316,2456321.596,8192
52.872,64362313,685856,2542968.883,2473651.054,8192
53.156,65088961,726648,2556256.981,2490172.239,8192
53.425,65780401,691440,2574416.973,2507021.186,8192
53.726,66398697,618296,2053500.289,2416317.007,8192
53.978,66951833,553136,2192361.123,2371525.830,8192
54.256,67368857,417024,1500063.668,2197233.398,8192
54.519,67787329,418472,1592476.160,2076281.950,8192
54.779,68233313,445984,1713121.716,2003649.903,8192
55.050,68535945,302632,1120201.659,1826960.254,8192
55.308,68938489,402544,1555854.281,1772739.060,8192
55.580,69173065,234576,862642.014,1590719.651,8192
55.831,69398953,225888,899646.813,1452505.083,8192
56.102,69561129,162176,599051.718,1281814.410,8192
56.380,69747921,186792,671409.387,1159733.406,8192
56.652,69983657,235736,867739.451,1101334.615,8192
56.926,70122953,139296,507270.971,982521.886,8192
57.194,70335561,212608,794183.182,944854.145,8192
57.456,70513913,178352,682412.810,892365.878,8192
57.735,70731817,217904,780881.057,870068.914,8192
58.007,70971481,239664,878942.265,871843.584,8192
58.279,71189881,218400,802304.347,857935.737,8192
58.557,71471041,281160,1012913.604,888931.310,8192
58.818,71750505,279464,1069784.997,925102.048,8192
59.094,72040105,289600,1051317.051,950345.048,8192
59.363,72372897,332792,1235883.829,1007452.804,8192
59.620,72704041,331144,1287982.360,1063558.715,8192
59.882,73068185,364144,1391410.141,1129129.001,8192
60.146,73466137,397952,1504762.884,1204255.777,8192
60.458,73811009,344872,1105517.007,1184508.023,8192
60.738,74201681,390672,1398205.859,1227247.590,8192
61.008,74516185,314504,1164551.862,1214708.445,8192
61.288,74870873,354688,1264185.590,1224603.874,8192
61.557,75214457,343584,1279346.088,1235552.317,8192
61.841,75581793,367336,1294923.502,1247426.554,8192
62.137,75939569,357776,1205277.841,1238996.811,8192
62.414,76210649,271080,979338.091,1187065.067,8192
62.696,76531801,321152,1138452.147,1177342.483,8192
62.975,76821993,290192,1040995.250,1150073.037,8192
63.250,77174145,352152,1282483.448,1176555.119,8192
63.530,77503169,329024,1175250.249,1176294.145,8192
63.792,77864961,361792,1380818.036,1217198.923,8192
64.059,78134489,269528,1008757.501,1175510.639,8192
64.334,78437081,302592,1100277.731,1160464.057,8192
64.598,78771489,334408,1266709.445,1181713.135,8192
64.858,79106097,334608,1283677.014,1202105.911,8192
65.119,79481513,375416,1439124.265,1249509.581,8192
65.417,79828897,347384,1165101.165,1232627.898,8192
65.703,80222753,393856,1379588.151,1262019.949,8192
66.040,80533745,310992,924032.200,1194422.399,8192
66.308,80845145,311400,1158954.693,1187328.858,8192
66.698,81053657,208512,534427.724,1056748.631,8192
66.967,81273753,220096,818277.400,1009054.385,8192
67.229,81454753,181000,690912.214,945425.951,8192
67.497,81649033,194280,726491.667,901639.094,8192
67.777,81819897,170864,610097.836,843330.842,8192
68.049,82064033,244136,897561.793,854177.033,8192
68.325,82305697,241664,876337.184,858609.063,8192
68.606,82592313,286616,1019536.589,890794.568,8192
68.870,82866745,274432,1038486.499,920332.954,8192
69.148,83153465,286720,1031205.549,942507.473,8192
69.414,83509553,356088,1338844.802,1021774.939,8192
69.672,83829041,319488,1238158.094,1065051.570,8192
69.933,84196273,367232,1409570.967,1133955.449,8192
70.215,84566505,370232,1310668.493,1169298.058,8192
70.479,84988121,421616,1595971.159,1254632.678,8192
70.834,85333377,345256,971950.051,1198096.153,8192
71.106,85614697,281320,1035701.742,1165617.271,8192
71.377,85848233,233536,862972.899,1105088.396,8192
71.660,86123353,275120,972130.057,1078496.729,8192
71.933,86394425,271072,991105.092,1061018.401,8192
72.196,86656569,262144,996493.661,1048113.453,8192
72.460,86984249,327680,1243629.662,1087216.695,8192
72.732,87303737,319488,1172140.100,1104201.376,8192
73.022,87655993,352256,1216225.921,1126606.285,8192
73.286,87983673,327680,1242860.323,1149857.093,8192
73.560,88364601,380928,1388553.026,1197596.279,8192
73.813,88700473,335872,1327683.258,1223613.675,8192
74.067,89028153,327680,1289604.024,1236811.745,8192
74.350,89433657,405504,1431112.971,1275671.990,8192
74.619,89888313,454656,1689544.804,1358446.553,8192
74.874,90334777,446464,1755932.798,1437943.802,8192
75.144,90834489,499712,1851243.882,1520603.818,8192
75.404,91313721,479232,1839394.576,1584361.970,8192
75.666,91818009,504288,1925143.244,1652518.224,8192
75.955,92372921,554912,1921904.282,1706395.436,8192
76.236,92917121,544200,1936756.811,1752467.711,8192
76.517,93505217,588096,2093089.554,1820592.080,8192
76.788,94074329,569112,2097865.906,1876046.845,8192
77.057,94668097,593768,2206044.844,1942046.445,8192
77.329,95312529,644432,2371219.447,2027881.045,8192
77.597,95878873,566344,2110675.319,2044439.900,8192
77.864,96532777,653904,2447316.034,2125015.127,8192
78.150,97239401,706624,2476184.269,2195248.955,8192
78.416,97800697,561296,2110690.783,2178337.321,8192
78.690,98237321,436624,1592550.512,2061179.959,8192
78.954,98613801,376480,1425127.795,1933969.526,8192
79.239,98926281,312480,1095492.767,1766274.174,8192
79.508,99197345,271064,1009998.487,1615019.037,8192
79.761,99404409,207064,816392.511,1455293.732,8192
80.021,99651241,246832,950890.998,1354413.185,8192
80.316,99927721,276480,936508.275,1270832.203,8192
80.586,100210345,282624,1047710.136,1226207.790,8192
80.881,100378281,167936,568757.874,1094717.807,8192
81.141,100578985,200704,772912.033,1030356.652,8192
81.447,100775593,196608,642763.338,952837.989,8192
81.698,100927145,151552,602443.691,882759.130,8192
81.973,101123753,196608,715450.705,849297.445,8192
82.236,101328553,204800,779402.760,835318.508,8192
82.499,101562025,233472,888096.332,845874.073,8192
82.774,101815977,253952,923528.648,861404.988,8192
83.062,102098601,282624,980700.645,885264.119,8192
83.329,102377129,278528,1044722.376,917155.770,8192
83.594,102704809,327680,1234136.406,980551.898,8192
83.858,103024297,319488,1209730.460,1026387.610,8192
84.127,103372457,348160,1293634.047,1079836.897,8192
84.386,103716521,344064,1327890.510,1129447.620,8192
84.656,104113833,397312,1472543.071,1198066.710,8192
84.922,104490665,376832,1417011.645,1241855.697,8192
85.181,104896169,405504,1566630.595,1306810.677,8192
85.442,105338537,442368,1697711.110,1384990.763,8192
85.725,105809577,471040,1659337.082,1439860.027,8192
85.999,106280617,471040,1718797.265,1495647.475,8192
86.271,106747561,466944,1721436.034,1540805.187,8192
86.555,107271849,524288,1846349.757,1601914.101,8192
86.823,107787945,516096,1924359.160,1666403.113,8192
87.097,108316329,528384,1929732.809,1719069.052,8192
87.361,108881577,565248,2137349.737,1802725.189,8192
87.632,109483689,602112,2221918.805,1886563.912,8192
87.908,110081705,598016,2165560.257,1942363.181,8192
88.175,110695913,614208,2305739.648,2015038.475,8192
88.455,111331961,636048,2265306.493,2065092.078,8192
88.731,111993073,661112,2399432.364,2131960.135,8192
89.061,112665193,672120,2035932.642,2112754.637,8192
89.318,113330737,665544,2588909.851,2207985.680,8192
89.583,113905969,575232,2170403.411,2200469.226,8192
89.843,114483521,577552,2224442.399,2205263.861,8192
90.104,115120465,636944,2443028.701,2252816.829,8192
90.355,115643729,523264,2083821.337,2219017.730,8192
90.620,116301873,658144,2478072.165,2270828.617,8192
90.910,116978041,676168,2335439.081,2283750.710,8192
91.188,117565225,587184,2108365.470,2248673.662,8192
91.477,118208185,642960,2225840.255,2244106.981,8192
91.742,118927793,719608,2720228.926,2339331.370,8192
92.021,119653241,725448,2597045.349,2390874.166,8192
92.286,120378689,725448,2739444.829,2460588.298,8192
92.545,121012913,634224,2449024.984,2458275.635,8192
92.813,121751393,738480,2749616.868,2516543.882,8192
93.099,122514489,763096,2671741.052,2547583.316,8192
93.369,123309441,794952,2941449.412,2626356.535,8192
93.642,124104145,794704,2910224.405,2683130.109,8192
93.905,124913825,809680,3081595.603,2762823.208,8192
94.174,125752217,838392,3119013.216,2834061.210,8192
94.426,126356033,603816,2397208.228,2746690.613,8192
94.682,126828081,472048,1841154.911,2565583.473,8192
94.942,127284201,456120,1757429.157,2403952.610,8192
95.192,127705321,421120,1683939.119,2259949.911,8192
95.488,128097977,392656,1325929.090,2073145.747,8192
